SIZES
  narena                14680064
  nbuffer               40592
  nplugin               0
  maxuse_stack          2664
  maxuse_arena          29244
  maxuse_con            1
  maxuse_efc            15
  solver_nisland        1
  ne                    0
  nf                    11
  nl                    0
  nefc                  15
  nnzJ                  165
  ncon                  1
  nisland               0
  threadpool            0

TIMER
    0:  duration =  0          number = 0
    1:  duration =  1.5        number = 74
    2:  duration =  0          number = 0
    3:  duration =  1.2        number = 74
    4:  duration =  0.078      number = 74
    5:  duration =  0.014      number = 74
    6:  duration =  0.13       number = 74
    7:  duration =  0          number = 0
    8:  duration =  0.19       number = 74
    9:  duration =  0.05       number = 74
    10:  duration =  0.75       number = 74
    11:  duration =  0.11       number = 74
    12:  duration =  0.098      number = 74
    13:  duration =  0.21       number = 74
    14:  duration =  0.52       number = 74

SOLVER STAT
  solver_nisland = 1
  solver_fwdinv =   0         0       
  ISLAND 0
    solver_niter = 1
    solver_nnz = 225
      0:  improvement =  6.4e-10     gradient =  0           lineslope =  0       
          nactive = 11   nchange = 0   neval = 0   nupdate = 0

ENERGY =   0         0       

TIME =  0.29    

QPOS
   0       
   0       
   0       
   5.4e-06 
  -0.86    
  -2.4e-05 
  -1.1     
  -4.4e-05 
  -0.51    
   0.66    
  -4e-08   

QVEL
   0       
   0       
   0       
   1.2e-05 
  -1.4     
  -0.0001  
   2       
  -0.00015 
   0.34    
   2.2     
   7.8e-07 

QACC_WARMSTART
   0       
   0       
   0       
  -5.8e-05 
  -6.1     
  -0.00013 
   7.9     
   2.8e-05 
  -1       
   19      
   1.8e-06 

CTRL
   0       
   0       
   0       
   0       
   0       
   0       

QFRC_APPLIED
   0       
   0       
   0       
   0       
   0       
   0       
   0       
   0       
   0       
   0       
   0       

XFRC_APPLIED
   0         0         0         0         0         0       
   0         0         0         0         0         0       
   0         0         0         0         0         0       
   0         0         0         0         0         0       
   0         0         0         0         0         0       
   0         0         0         0         0         0       
   0         0         0         0         0         0       
   0         0         0         0         0         0       
   0         0         0         0         0         0       
   0         0         0         0         0         0       
   0         0         0         0         0         0       
   0         0         0         0         0         0       
   0         0         0         0         0         0       
   0         0         0         0         0         0       
   0         0         0         0         0         0       

QACC
   0       
   0       
   0       
  -5.8e-05 
  -6.1     
  -0.00013 
   7.9     
   2.8e-05 
  -1       
   19      
   1.8e-06 

SENSOR
   5.4e-06 
   1.2e-05 
   0       
  -0.86    
  -1.4     
   0       
  -2.4e-05 
  -0.0001  
   0       
  -1.1     
   2       
   0       
  -4.4e-05 
  -0.00015 
   0       
  -0.51    
   0.34    
   0       
   1       
   0       
   0       
   0       
   0       
   0       
   0       

XPOS
   0         0         0       
   0         0         0       
   0         0         0       
   0         0         0       
   0         0         0       
   0         0         0       
  -1.1       0         0       
  -1.1       0         0.041   
  -1.1       0         0.11    
  -1.1       2.6e-07   0.15    
  -0.94      1e-06     0.27    
  -0.83     -9.1e-07   0.23    
  -0.71     -3e-06     0.18    
  -0.71     -3e-06     0.18    
  -0.61     -9.3e-06   0.067   

XQUAT
   1         0         0         0       
   1         0         0         0       
   1         0         0         0       
   1         0         0         0       
   1         0         0         0       
   1         0         0         0       
   1         0         0         0       
   1         0         0         2.7e-06 
   0.91     -1.1e-06   0.42      2.4e-06 
   0.91     -6.1e-06   0.42     -8.4e-06 
   0.57     -9.6e-07   0.82     -1e-05   
   0.57     -1.9e-05   0.82     -2.3e-05 
   0.34     -1.3e-05   0.94     -2.7e-05 
   0.34     -1.3e-05   0.94     -2.7e-05 
   0.023    -3.3e-06   1        -3e-05   

XMAT
   1         0         0         0         1         0         0         0         1       
   1         0         0         0         1         0         0         0         1       
   1         0         0         0         1         0         0         0         1       
   1         0         0         0         1         0         0         0         1       
   1         0         0         0         1         0         0         0         1       
   1         0         0         0         1         0         0         0         1       
   1         0         0         0         1         0         0         0         1       
   1        -5.4e-06   0         5.4e-06   1         0         0         0         1       
   0.65     -5.4e-06   0.76      3.5e-06   1         4.1e-06  -0.76     -4.2e-22   0.65    
   0.65      1e-05     0.76     -2e-05     1         4.1e-06  -0.76     -1.8e-05   0.65    
  -0.35      1e-05     0.94     -1.3e-05   1        -1.6e-05  -0.94     -1.8e-05  -0.35    
  -0.35     -5.1e-06   0.94     -5.8e-05   1        -1.6e-05  -0.94     -5.9e-05  -0.35    
  -0.76     -5.1e-06   0.65     -4.2e-05   1        -4.2e-05  -0.65     -5.9e-05  -0.76    
  -0.76     -5.1e-06   0.65     -4.2e-05   1        -4.2e-05  -0.65     -5.9e-05  -0.76    
  -1        -5.1e-06   0.046    -7.9e-06   1        -5.9e-05  -0.046    -5.9e-05  -1       

XIPOS
   0         0         0       
   0         0         0       
   0         0        -0.051   
   0         0         0.015   
   0         0         0       
   0         0         0       
  -1.1      -3e-13     0.024   
  -1.1      -0.0001    0.088   
  -1.1       1.8e-05   0.13    
  -1        -8e-05     0.22    
  -0.86      6.2e-05   0.25    
  -0.77      0.00046   0.2     
  -0.71      0.00082   0.18    
  -0.66     -6.1e-06   0.12    
  -0.61     -1.3e-05  -0.0016  

XIMAT
   1         0         0         0         1         0         0         0         1       
   1         0         0         0         1         0         0         0         1       
   1         0         0         0         1         0         0         0         1       
   0         0         1         0        -1         0         1         0         0       
   1         0         0         0         1         0         0         0         1       
   1         0         0         0         1         0         0         0         1       
  -0.14      0         0.99      0        -1         0         0.99      0         0.14    
   1         0.022    -0.0099   -0.022     1        -0.0072    0.0098    0.0074    1       
   0.65      0.76      0.0014    0.00025   0.0016   -1        -0.76      0.65      0.00082 
   0.009    -0.64      0.77      1         0.011    -0.0024   -0.0071    0.77      0.64    
  -0.19      0.98      0.011    -0.0089    0.0098   -1        -0.98     -0.19      0.0069  
  -0.35     -0.09      0.93      0.0043    1         0.098    -0.94      0.038    -0.35    
   0.63     -0.13     -0.77     -0.046    -0.99      0.13     -0.78     -0.049    -0.63    
  -0.76     -5.1e-06   0.65     -4.2e-05   1        -4.2e-05  -0.65     -5.9e-05  -0.76    
  -1        -5.1e-06   0.046    -7.9e-06   1        -5.9e-05  -0.046    -5.9e-05  -1       

XANCHOR
   0         0         0       
   0         0         0       
   0         0         0       
  -1.1       0         0.041   
  -1.1       0         0.11    
  -1.1       2.6e-07   0.15    
  -0.94      1e-06     0.27    
  -0.83     -9.1e-07   0.23    
  -0.71     -3e-06     0.18    
  -0.61     -9.3e-06   0.067   
  -0.61     -9.3e-06   0.067   

XAXIS
   1         0         0       
   0         1         0       
   0         0         1       
   0         0         1       
   5.4e-06  -1         0       
   0.76      4.1e-06   0.65    
  -1e-05    -1         1.8e-05 
   0.94     -1.6e-05  -0.35    
   5.1e-06  -1         5.9e-05 
  -5.1e-06   1        -5.9e-05 
  -1        -7.9e-06  -0.046   

GEOM_XPOS
   0         0        -0.1     
   0         0        -0.051   
   1         0.32      0.01    
   1        -0.32      0.01    
  -1         0         0.02    
   0         0.56      0.015   
   0        -0.56      0.015   
  -1         0.32      0.01    
  -1        -0.32      0.01    
   1         0         0.02    
   0         0         0.01    
  -1.1      -3.9e-12   0.0025  
  -1.1      -3.9e-12   0.0025  
  -1.1       3.5e-13   0.028   
  -1.1       3.5e-13   0.028   
  -1.1       0         0.071   
  -1.1       0         0.11    
  -1.1       9.7e-08   0.12    
  -1.1       9.7e-08   0.12    
  -1.1       0.033     0.11    
  -1.1       0.033     0.11    
  -1.1      -0.033     0.11    
  -1.1      -0.033     0.11    
  -1         9.5e-07   0.22    
  -1         9.5e-07   0.22    
  -0.87     -1.3e-05   0.25    
  -0.87     -1.3e-05   0.25    
  -0.94      0.026     0.27    
  -0.94      0.026     0.27    
  -0.94     -0.026     0.27    
  -0.94     -0.026     0.27    
  -0.76     -2.1e-06   0.2     
  -0.76     -2.1e-06   0.2     
  -0.74      0.035     0.19    
  -0.74      0.035     0.19    
  -0.7       0.035     0.18    
  -0.7       0.035     0.18    
  -0.73     -0.035     0.19    
  -0.73     -0.035     0.19    
  -0.77     -0.035     0.2     
  -0.77     -0.035     0.2     
  -0.71     -9.2e-06   0.19    
  -0.71     -9.2e-06   0.19    
  -0.66     -6.1e-06   0.12    
  -0.61     -1.2e-05   0.022   

GEOM_XMAT
   1         0         0         0         1         0         0         0         1       
   1         0         0         0         1         0         0         0         1       
   0        -1         0         0         0        -1         1         0         0       
   0         1         0         0         0         1         1         0         0       
   1         0         0         0         1         0         0         0         1       
   1         0         0         0         1         0         0         0         1       
   1         0         0         0         1         0         0         0         1       
   0        -1         0         0         0        -1         1         0         0       
   0         1         0         0         0         1         1         0         0       
   1         0         0         0         1         0         0         0         1       
   1         0         0         0         1         0         0         0         1       
   0         0         1         0        -1         0         1         0         0       
   0         0         1         0        -1         0         1         0         0       
  -0.0026    0         1         0        -1         0         1         0         0.0026  
  -0.0026    0         1         0        -1         0         1         0         0.0026  
   1        -5.4e-06   0         5.4e-06   1         0         0         0         1       
   1        -7.6e-12   5.4e-06   5.4e-06   1.4e-06  -1         4.2e-22   1         1.4e-06 
   0.65      0.76      6.5e-06   3.5e-06   5.5e-06  -1        -0.76      0.65      9.2e-07 
   0.65      0.76      6.5e-06   3.5e-06   5.5e-06  -1        -0.76      0.65      9.2e-07 
  -4.3e-06   0.76      0.65      1         2.7e-06   3.5e-06   9.2e-07   0.65     -0.76    
  -4.3e-06   0.76      0.65      1         2.7e-06   3.5e-06   9.2e-07   0.65     -0.76    
   6.5e-06  -0.76      0.65     -1        -5.5e-06   3.5e-06   9.2e-07  -0.65     -0.76    
   6.5e-06  -0.76      0.65     -1        -5.5e-06   3.5e-06   9.2e-07  -0.65     -0.76    
   1e-05    -0.66      0.75      1         2e-05     4.2e-06  -1.8e-05   0.75      0.66    
   1e-05    -0.66      0.75      1         2e-05     4.2e-06  -1.8e-05   0.75      0.66    
  -0.00076   0.35     -0.94     -1        -0.00063   0.00057  -0.00039   0.94      0.35    
  -0.00076   0.35     -0.94     -1        -0.00063   0.00057  -0.00039   0.94      0.35    
   1.2e-05   0.94     -0.35      1        -1.7e-05  -1.3e-05  -1.9e-05  -0.35     -0.94    
   1.2e-05   0.94     -0.35      1        -1.7e-05  -1.3e-05  -1.9e-05  -0.35     -0.94    
  -8.9e-06  -0.94     -0.35     -1         1.5e-05  -1.3e-05   1.8e-05   0.35     -0.94    
  -8.9e-06  -0.94     -0.35     -1         1.5e-05  -1.3e-05   1.8e-05   0.35     -0.94    
  -0.35     -5.1e-06   0.94     -5.8e-05   1        -1.6e-05  -0.94     -5.9e-05  -0.35    
  -0.35     -5.1e-06   0.94     -5.8e-05   1        -1.6e-05  -0.94     -5.9e-05  -0.35    
  -5.8e-06  -0.35     -0.94      1        -6e-05     1.6e-05  -6.1e-05  -0.94      0.35    
  -5.8e-06  -0.35     -0.94      1        -6e-05     1.6e-05  -6.1e-05  -0.94      0.35    
  -5.8e-06   0.88     -0.48      1        -2.5e-05  -5.7e-05  -6.1e-05  -0.48     -0.88    
  -5.8e-06   0.88     -0.48      1        -2.5e-05  -5.7e-05  -6.1e-05  -0.48     -0.88    
   5.8e-06  -0.35      0.94     -1        -6e-05    -1.6e-05   6.1e-05  -0.94     -0.35    
   5.8e-06  -0.35      0.94     -1        -6e-05    -1.6e-05   6.1e-05  -0.94     -0.35    
   5.8e-06  -0.98     -0.21     -1         7e-06    -6.1e-05   6.1e-05   0.21     -0.98    
   5.8e-06  -0.98     -0.21     -1         7e-06    -6.1e-05   6.1e-05   0.21     -0.98    
   6.1e-06  -0.65     -0.76     -1         4.1e-05  -4.2e-05   5.8e-05   0.76     -0.65    
   6.1e-06  -0.65     -0.76     -1         4.1e-05  -4.2e-05   5.8e-05   0.76     -0.65    
  -0.76     -5.1e-06   0.65     -4.2e-05   1        -4.2e-05  -0.65     -5.9e-05  -0.76    
   0.046     5.1e-06  -1        -5.9e-05  -1        -7.9e-06  -1         5.9e-05  -0.046   

SITE_XPOS
   0         0        -0.05    
   0         0        -0.05    
   0         0         0.003   
   0.02      0         0.003   
  -1.1       0         0       
  -0.61     -1.3e-05   0.0067  

SITE_XMAT
   1         0         0         0         1         0         0         0         1       
   1         0         0         0         1         0         0         0         1       
   1         0         0         0         1         0         0         0         1       
   1         0         0         0         1         0         0         0         1       
   1         0         0         0         1         0         0         0         1       
  -1        -5.1e-06   0.046    -7.9e-06   1        -5.9e-05  -0.046    -5.9e-05  -1       

CAM_XPOS
   0        -3         0.57    
   0.0014   -3         0.57    

CAM_XMAT
   1         0         0         0         2.2e-16  -1         0         1         2.2e-16 
   1         0         0         0         2.2e-16  -1         0         1         2.2e-16 

LIGHT_XPOS
   0         0         3       
   0         0         5       
   0         0         4       

LIGHT_XDIR
   0         0        -1       
   0         0        -1       
   0         0        -1       

SUBTREE_COM
  -0.0066    6.1e-07  -0.045   
   0         0        -0.046   
   0         0        -0.051   
   0         0         0.015   
   0         0         0       
   0         0         0       
  -0.93      8.6e-05   0.12    
  -0.88      0.00011   0.15    
  -0.84      0.00015   0.16    
  -0.81      0.00016   0.16    
  -0.73      0.00025   0.14    
  -0.68      0.00031   0.11    
  -0.64      0.00024   0.063   
  -0.61     -1.3e-05   0.011   
  -0.61     -1.3e-05  -0.0016  

CDOF
   0         0         0         1         0         0       
   0         0         0         0         1         0       
   0         0         1         0         0         0       
   0         0         1        -8.6e-05   0.2       0       
   5.4e-06  -1         0        -0.019    -1e-07     0.2     
   0.76      4.1e-06   0.65     -5.6e-05   0.11      6.4e-05 
  -1e-05    -1         1.8e-05   0.14     -1.3e-06   0.0087  
   0.94     -1.6e-05  -0.35      3.2e-05   0.13      7.9e-05 
   5.1e-06  -1         5.9e-05   0.057    -1.3e-05  -0.23    
  -5.1e-06   1        -5.9e-05   0.058     1.9e-05   0.32    
  -1        -7.9e-06  -0.046     3.9e-06   0.073    -9.7e-05 

CINERT
   0         0         0         0         0         0         0         0         0         0       
   0         0         0         0         0         0         0         0         0         0       
   33        99        1.3e+02   0         0         0         0         0        -1.1       2.6e+02 
   4.4       11        15        0         0         0         0         0         1.1       18      
   0         0         0         0         0         0         0         0         0         0       
   2.5e-06   2.5e-06   5e-06     0         0         0         0         0         0         0.01    
   0.0042    0.02      0.016    -6.7e-06  -0.0079   -3.3e-06  -0.079    -3.3e-05  -0.039     0.39    
   0.00051   0.01      0.01     -9.6e-06  -0.0018   -1.1e-06  -0.05     -4.8e-05  -0.0092    0.25    
   0.00016   0.0044    0.0045   -1.6e-06   2.1e-05   3.8e-08  -0.025    -9.7e-06   0.00024   0.14    
   0.0038    0.0072    0.0035   -9.2e-07   0.0018    7.2e-06  -0.027    -5.3e-05   0.031     0.32    
   0.0041    0.0048    0.0016    4.3e-06  -0.0019    3.4e-06   0.015    -5.5e-06   0.029     0.23    
   0.0014    0.0072    0.0059   -2.9e-05  -0.0026   -3.7e-07   0.034     7.8e-05   0.016     0.21    
   0.00048   0.0072    0.0068   -2.1e-05  -0.0017   -3.5e-06   0.031     0.0001    0.0077    0.14    
   3.5e-05   0.0024    0.0024    8e-07     3.5e-05  -3.7e-09   0.0087   -2.9e-06  -1.9e-05   0.032   
   0.0095    0.04      0.035     9.1e-06   0.012    -3.5e-06   0.092    -2.8e-05  -0.036     0.28    

ACTUATOR_LENGTH
   5.4e-06 
  -0.86    
  -2.4e-05 
  -1.1     
  -4.4e-05 
  -0.51    

ACTUATOR_MOMENT
   0         0         0         1         0         0         0         0         0         0         0       
   0         0         0         0         1         0         0         0         0         0         0       
   0         0         0         0         0         1         0         0         0         0         0       
   0         0         0         0         0         0         1         0         0         0         0       
   0         0         0         0         0         0         0         1         0         0         0       
   0         0         0         0         0         0         0         0         1         0         0       

CRB
   0         0         0         0         0         0         0         0         0         0       
   37        1.1e+02   1.5e+02   0         0         0         0         0         2.2e-16   2.8e+02 
   33        99        1.3e+02   0         0         0         0         0        -1.1       2.6e+02 
   4.4       11        15        0         0         0         0         0         1.1       18      
   2.5e-06   2.5e-06   5e-06     0         0         0         0         0         0         0.01    
   2.5e-06   2.5e-06   5e-06     0         0         0         0         0         0         0.01    
   0.024     0.1       0.086    -5.4e-05  -0.0025   -1.2e-06   4.9e-16   0        -1.4e-17   2       
   0.02      0.083     0.07     -4.7e-05   0.0054    2.1e-06   0.079     3.3e-05   0.039     1.6     
   0.019     0.073     0.06     -3.8e-05   0.0072    3.3e-06   0.13      8.2e-05   0.048     1.4     
   0.019     0.068     0.055    -3.6e-05   0.0072    3.2e-06   0.15      9.1e-05   0.048     1.2     
   0.016     0.061     0.052    -3.5e-05   0.0054   -4e-06     0.18      0.00014   0.017     0.89    
   0.011     0.056     0.05     -3.9e-05   0.0073   -7.4e-06   0.17      0.00015  -0.011     0.66    
   0.01      0.049     0.044    -1.1e-05   0.0099   -7e-06     0.13      7.2e-05  -0.028     0.45    
   0.0095    0.042     0.037     9.9e-06   0.012    -3.5e-06   0.1      -3.1e-05  -0.036     0.31    
   0.0095    0.04      0.035     9.1e-06   0.012    -3.5e-06   0.092    -2.8e-05  -0.036     0.28    

QM
   0.02      0         0         0         0         0         0         0         0         0         0       
   0         0.02      0         0         0         0         0         0         0         0         0       
   0         0         0.01      0         0         0         0         0         0         0         0       
   0         0         0         0.17      4.6e-06   0.099    -2.5e-05   0.019    -3.5e-07  -6.3e-07  -0.01    
   0         0         0         4.6e-06   0.19      6.9e-05   0.095     8.6e-05   0.026    -0.0075    6.1e-07 
   0         0         0         0.099     6.9e-05   0.082     2.3e-05   0.019    -2.5e-06  -4.1e-07  -0.012   
   0         0         0        -2.5e-05   0.095     2.3e-05   0.088     6.1e-05   0.029    -0.011     4.3e-07 
   0         0         0         0.019     8.6e-05   0.019     6.1e-05   0.02     -1.7e-06  -2.1e-11  -0.0072  
   0         0         0        -3.5e-07   0.026    -2.5e-06   0.029    -1.7e-06   0.028    -0.0086   -7.1e-11 
   0         0         0        -6.3e-07  -0.0075   -4.1e-07  -0.011    -2.1e-11  -0.0086    0.016     8.5e-22 
   0         0         0        -0.01      6.1e-07  -0.012     4.3e-07  -0.0072   -7.1e-11   8.5e-22   0.016   

QLD
   0.02      0         0         0         0         0         0         0         0         0         0       
   0         0.02      0         0         0         0         0         0         0         0         0       
   0         0         0.01      0         0         0         0         0         0         0         0       
   0         0         0         0.052    -0.00018   1.3      -0.0014    0.84     -3e-05    -3.9e-05  -0.63    
   0         0         0        -0.00018   0.083     0.0005    1.2       0.0051    0.95     -0.46      3.8e-05 
   0         0         0         1.3       0.0005    0.062    -0.00044   0.8      -0.00012  -2.5e-05  -0.74    
   0         0         0        -0.0014    1.2      -0.00044   0.057     0.0036    1        -0.64      2.7e-05 
   0         0         0         0.84      0.0051    0.8       0.0036    0.017    -7.4e-05  -1.3e-09  -0.44    
   0         0         0        -3e-05     0.95     -0.00012   1        -7.4e-05   0.023    -0.53     -4.3e-09 
   0         0         0        -3.9e-05  -0.46     -2.5e-05  -0.64     -1.3e-09  -0.53      0.016     5.2e-20 
   0         0         0        -0.63      3.8e-05  -0.74      2.7e-05  -0.44     -4.3e-09   5.2e-20   0.016   

QLDIAGINV
   50      
   50      
   1e+02   
   19      
   12      
   16      
   18      
   58      
   43      
   61      
   61      

QLDIAGSQRTINV
   7.1     
   7.1     
   10      
   4.4     
   3.5     
   4       
   4.2     
   7.6     
   6.6     
   7.8     
   7.8     

B_rownnz              11 0 0 0 3 3 8 8 8 8 8 8 8 8 8

B_rowadr              0 11 11 11 11 14 17 25 33 41 49 57 65 73 81

B_colind              0 1 2 3 4 5 6 7 8 9 10 0 1 2 0 1 2 3 4 5 6 7 8 9 10 3 4 5 6 7 8 9 10 3 4 5 6 7 8 9 10 3 4 5 6 7 8 9 10 3 4 5 6 7 8 9 10 3 4 5 6 7 8 9 10 3 4 5 6 7 8 9 10 3 4 5 6 7 8 9 10 3 4 5 6 7 8 9 10

C_rownnz              3 3 3 8 8 8 8 8 8 8 8

C_rowadr              0 3 6 9 17 25 33 41 49 57 65

C_colind              0 1 2 0 1 2 0 1 2 3 4 5 6 7 8 9 10 3 4 5 6 7 8 9 10 3 4 5 6 7 8 9 10 3 4 5 6 7 8 9 10 3 4 5 6 7 8 9 10 3 4 5 6 7 8 9 10 3 4 5 6 7 8 9 10 3 4 5 6 7 8 9 10

mapM2C                0 2 5 2 1 4 5 4 3 6 8 11 15 20 26 33 41 8 7 10 14 19 25 32 40 11 10 9 13 18 24 31 39 15 14 13 12 17 23 30 38 20 19 18 17 16 22 29 37 26 25 24 23 22 21 28 36 33 32 31 30 29 28 27 35 41 40 39 38 37 36 35 34

D_rownnz              3 3 3 8 8 8 8 8 8 8 8

D_rowadr              0 3 6 9 17 25 33 41 49 57 65

D_colind              0 1 2 0 1 2 0 1 2 3 4 5 6 7 8 9 10 3 4 5 6 7 8 9 10 3 4 5 6 7 8 9 10 3 4 5 6 7 8 9 10 3 4 5 6 7 8 9 10 3 4 5 6 7 8 9 10 3 4 5 6 7 8 9 10 3 4 5 6 7 8 9 10

mapM2D                0 2 5 2 1 4 5 4 3 6 8 11 15 20 26 33 41 8 7 10 14 19 25 32 40 11 10 9 13 18 24 31 39 15 14 13 12 17 23 30 38 20 19 18 17 16 22 29 37 26 25 24 23 22 21 28 36 33 32 31 30 29 28 27 35 41 40 39 38 37 36 35 34

mapD2M                0 4 3 8 7 6 9 18 17 27 26 25 36 35 34 33 45 44 43 42 41 54 53 52 51 50 49 63 62 61 60 59 58 57 72 71 70 69 68 67 66 65

QDERIV
   0         0         0         0         0         0         0         0         0         0         0       
   0         0         0         0         0         0         0         0         0         0         0       
   0         0         0         0         0         0         0         0         0         0         0       
   0         0         0         0         0         0         0         0         0         0         0       
   0         0         0         0         0         0         0         0         0         0         0       
   0         0         0         0         0         0         0         0         0         0         0       
   0         0         0         0         0         0         0         0         0         0         0       
   0         0         0         0         0         0         0         0         0         0         0       
   0         0         0         0         0         0         0         0         0         0         0       
   0         0         0         0         0         0         0         0         0         0         0       
   0         0         0         0         0         0         0         0         0         0         0       

QLU
   0         0         0         0         0         0         0         0         0         0         0       
   0         0         0         0         0         0         0         0         0         0         0       
   0         0         0         0         0         0         0         0         0         0         0       
   0         0         0         0         0         0         0         0         0         0         0       
   0         0         0         0         0         0         0         0         0         0         0       
   0         0         0         0         0         0         0         0         0         0         0       
   0         0         0         0         0         0         0         0         0         0         0       
   0         0         0         0         0         0         0         0         0         0         0       
   0         0         0         0         0         0         0         0         0         0         0       
   0         0         0         0         0         0         0         0         0         0         0       
   0         0         0         0         0         0         0         0         0         0         0       

CONTACT
  0:
     dim           4
     geoms         surface : 44
     exclude       0
     efc_address   11
     solref         0.013     0.5     
     solimp         0.9       1         0.001     0.5       2       
     dist          -3.4e-05 
     includemargin  0       
     pos           -0.65     -1.3e-05  -2.3e-05 
     frame          0         2.1e-07   1         0         1        -2.1e-07  -1         0         0       
     friction       1e-05     1e-05     1e-05     1e-05     1e-05   
     mu             1e-05   

EFC_TYPE
  1
  1
  1
  1
  1
  1
  1
  1
  1
  1
  1
  7
  7
  7
  7

EFC_ID
  0
  1
  2
  3
  4
  5
  6
  7
  8
  9
  10
  0
  0
  0
  0

EFC_J
   1         0         0         0         0         0         0         0         0         0         0       
   0         1         0         0         0         0         0         0         0         0         0       
   0         0         1         0         0         0         0         0         0         0         0       
   0         0         0         1         0         0         0         0         0         0         0       
   0         0         0         0         1         0         0         0         0         0         0       
   0         0         0         0         0         1         0         0         0         0         0       
   0         0         0         0         0         0         1         0         0         0         0       
   0         0         0         0         0         0         0         1         0         0         0       
   0         0         0         0         0         0         0         0         1         0         0       
   0         0         0         0         0         0         0         0         0         1         0       
   0         0         0         0         0         0         0         0         0         0         1       
   0         0         0         1e-07     0.48     -1.2e-05   0.29     -8.9e-06   0.052     0.045     3.8e-06 
   0         0         0         0.48      4.6e-07   0.39      2.4e-06   0.15      4e-06     2.3e-06  -0.064   
   0         0         0        -1.3e-05  -0.11     -8.3e-06  -0.27      7.6e-07  -0.18      0.067    -3.3e-07 
   0         0         0         1        -2.1e-07   0.65      1.8e-05  -0.35      5.9e-05  -5.9e-05  -0.046   

EFC_AR
   56        0         0         0         0         0         0         0         0         0         0         0         0         0         0       
   0         56        0         0         0         0         0         0         0         0         0         0         0         0         0       
   0         0         1.1e+02   0         0         0         0         0         0         0         0         0         0         0         0       
   0         0         0         28        0.0035   -25        0.011     3.6      -0.017     7.9e-05  -4.5       0.0042    0.35     -0.00036   2       
   0         0         0         0.0035    14       -0.01     -14       -0.0033    3.3      -2        -0.0071    1.7      -0.0025    1.9      -0.0018  
   0         0         0        -25       -0.01      56        1.9e-05  -18        0.013     0.0025    12       -0.0045    3.5      -0.0013    12      
   0         0         0         0.011    -14        1.9e-05   41       -0.063    -22        4.2      -0.021     2.2      -0.0029   -3.6       0.033   
   0         0         0         3.6      -0.0033   -18       -0.063     78        0.07     -0.0051    20       -0.016     4         0.0043   -33      
   0         0         0        -0.017     3.3       0.013    -22        0.07      70        20        0.031    -0.5       0.0062   -4.4      -0.032   
   0         0         0         7.9e-05  -2         0.0025    4.2      -0.0051    20        82       -0.0004    4.7       0.00053   0.29      0.00045 
   0         0         0        -4.5      -0.0071    12       -0.021     20        0.031    -0.0004    83       -0.0079    0.63      0.00074  -7.1     
   0         0         0         0.0042    1.7      -0.0045    2.2      -0.016    -0.5       4.7      -0.0079    1.7      -0.0017   -0.35      0.0071  
   0         0         0         0.35     -0.0025    3.5      -0.0029    4         0.0062    0.00053   0.63     -0.0017    2.2      -8.8e-05   1.2     
   0         0         0        -0.00036   1.9      -0.0013   -3.6       0.0043   -4.4       0.29      0.00074  -0.35     -8.8e-05   1.7      -0.0031  
   0         0         0         2        -0.0018    12        0.033    -33       -0.032     0.00045  -7.1       0.0071    1.2      -0.0031    22      

EFC_POS
   0       
   0       
   0       
   0       
   0       
   0       
   0       
   0       
   0       
   0       
   0       
  -3.4e-05 
   0       
   0       
   0       

EFC_MARGIN
   0       
   0       
   0       
   0       
   0       
   0       
   0       
   0       
   0       
   0       
   0       
   0       
   0       
   0       
   0       

EFC_FRICTIONLOSS
   0.01    
   0.01    
   0.01    
   0.2     
   0.2     
   0.2     
   0.2     
   0.2     
   0.2     
   0.01    
   0.01    
   0       
   0       
   0       
   0       

EFC_DIAGAPPROX
   50      
   50      
   1e+02   
   76      
   16      
   77      
   56      
   79      
   66      
   76      
   61      
   0.9     
   0.9     
   0.9     
   0.9     

EFC_KBIP
   0         1.1e+02   0.9       0       
   0         1.1e+02   0.9       0       
   0         1.1e+02   0.9       0       
   0         1.1e+02   0.9       0       
   0         1.1e+02   0.9       0       
   0         1.1e+02   0.9       0       
   0         1.1e+02   0.9       0       
   0         1.1e+02   0.9       0       
   0         1.1e+02   0.9       0       
   0         1.1e+02   0.9       0       
   0         1.1e+02   0.9       0       
   2.6e+04   1.6e+02   0.9      -13      
   0         1.6e+02   0.9      -13      
   0         1.6e+02   0.9      -13      
   0         1.6e+02   0.9      -13      

EFC_D
   0.18    
   0.18    
   0.09    
   0.12    
   0.56    
   0.12    
   0.16    
   0.11    
   0.14    
   0.12    
   0.15    
   10      
   10      
   10      
   10      

EFC_R
   5.6     
   5.6     
   11      
   8.4     
   1.8     
   8.6     
   6.2     
   8.7     
   7.3     
   8.4     
   6.8     
   0.1     
   0.1     
   0.1     
   0.1     

ACTUATOR_VELOCITY
   1.2e-05 
  -1.4     
  -0.0001  
   2       
  -0.00015 
   0.34    

CVEL
   0         0         0         0         0         0       
   0         0         0         0         0         0       
   0         0         0         0         0         0       
   0         0         0         0         0         0       
   0         0         0         0         0         0       
   0         0         0         0         0         0       
   0         0         0         0         0         0       
   0         0         1.2e-05  -1.1e-09   2.4e-06   0       
  -7.8e-06   1.4       1.2e-05   0.028     2.6e-06  -0.28    
  -8.6e-05   1.4      -5.5e-05   0.028    -9.2e-06  -0.28    
  -0.00011  -0.55     -1.9e-05   0.31     -1.2e-05  -0.27    
  -0.00025  -0.55      3.4e-05   0.31     -3.2e-05  -0.27    
  -0.00025  -0.89      5.5e-05   0.33     -3.7e-05  -0.35    
  -0.00025  -0.89      5.5e-05   0.33     -3.7e-05  -0.35    
  -0.00026   1.3      -7.5e-05   0.46      6e-06     0.36    

CDOF_DOT
   0         0         0         0         0         0       
   0         0         0         0         0         0       
   0         0         0         0         0         0       
   0         0         0         0         0         0       
   1.2e-05   6.6e-11  -0         1.3e-12  -2.4e-07   1e-09   
   0.94      1.4e-05  -1.1       9.4e-05  -0.23      7.8e-05 
  -2.9e-05   2.1e-09   0.0001   -0.27     -4.7e-06  -0.24    
   0.19     -5.5e-05   0.51     -4.1e-05  -0.14      9.5e-06 
   1.9e-06   1.5e-08   0.00025  -0.14     -7.4e-05  -0.28    
  -1.9e-06  -1.5e-08  -0.00025   0.058     0.0001    0.38    
  -0.059     6.3e-05   1.3      -0.00012  -0.34     -2.1e-05 

QFRC_BIAS
   0       
   0       
   0       
   0.00011 
   3.8     
   0.0015  
   1.8     
   0.0018  
   0.25    
   0.0019  
   1e-05   

QFRC_SPRING
   0       
   0       
   0       
   0       
   0       
   0       
   0       
   0       
   0       
   0       
   0       

QFRC_DAMPER
  -0       
  -0       
  -0       
  -1.2e-11 
   1.4e-06 
   1e-10   
  -2e-06   
   1.5e-10 
  -3.4e-07 
   0       
   0       

QFRC_GRAVCOMP
   0       
   0       
   0       
   0       
   0       
   0       
   0       
   0       
   0       
   0       
   0       

QFRC_FLUID
   0       
   0       
   0       
   0       
   0       
   0       
   0       
   0       
   0       
   0       
   0       

QFRC_PASSIVE
   0       
   0       
   0       
  -1.2e-11 
   1.4e-06 
   1e-10   
  -2e-06   
   1.5e-10 
  -3.4e-07 
   0       
   0       

EFC_VEL
   0       
   0       
   0       
   1.2e-05 
  -1.4     
  -0.0001  
   2       
  -0.00015 
   0.34    
   2.2     
   7.8e-07 
   1.6e-05 
  -4.7e-05 
  -0.3     
  -7.5e-05 

EFC_AREF
  -0       
  -0       
  -0       
  -0.0013  
   1.5e+02 
   0.011   
  -2.1e+02 
   0.016   
  -36      
  -2.3e+02 
  -8.2e-05 
   0.77    
   0.0075  
   48      
   0.012   

SUBTREE_LINVEL
   0         0         0       
   0         0         0       
   0         0         0       
   0         0         0       
   0         0         0       
   0         0         0       
   0         0         0       
   0         0         0       
   0         0         0       
   0         0         0       
   0         0         0       
   0         0         0       
   0         0         0       
   0         0         0       
   0         0         0       

SUBTREE_ANGMOM
   0         0         0       
   0         0         0       
   0         0         0       
   0         0         0       
   0         0         0       
   0         0         0       
   0         0         0       
   0         0         0       
   0         0         0       
   0         0         0       
   0         0         0       
   0         0         0       
   0         0         0       
   0         0         0       
   0         0         0       

ACTUATOR_FORCE
   0       
   0       
   0       
   0       
   0       
   0       

QFRC_ACTUATOR
   0       
   0       
   0       
   0       
   0       
   0       
   0       
   0       
   0       
   0       
   0       

QFRC_SMOOTH
   0       
   0       
   0       
  -0.00011 
  -3.8     
  -0.0015  
  -1.8     
  -0.0018  
  -0.25    
  -0.0019  
  -1e-05   

QACC_SMOOTH
   0       
   0       
   0       
  -0.0014  
  -22      
   0.0018  
  -0.47    
   0.0038  
   9.9     
  -5.1     
   0.0023  

EFC_B
   0       
   0       
   0       
  -0.00016 
  -1.7e+02 
  -0.009   
   2.1e+02 
  -0.012   
   46      
   2.2e+02 
   0.0024  
  -11      
  -0.0071  
  -48      
  -0.013   

EFC_FORCE
  -0       
  -0       
  -0       
  -0.00015 
   0.2     
   0.0013  
  -0.2     
   0.0018  
  -0.2     
  -0.01    
  -1.2e-05 
   6.4     
   1e-08   
   6.4e-05 
   1.8e-08 

EFC_STATE
  1
  1
  1
  1
  2
  1
  3
  1
  3
  3
  1
  0
  0
  0
  0

QFRC_CONSTRAINT
   0       
   0       
   0       
  -0.00015 
   3.3     
   0.0012  
   1.6     
   0.0018  
   0.13    
   0.28    
   1.2e-05 

QFRC_INVERSE
   0       
   0       
   0       
   0       
   0       
   0       
   0       
   0       
   0       
   0       
   0       

CACC
   0         0         0         0         0         0       
   0         0         0         0         0         0       
   0         0         0         0         0         0       
   0         0         0         0         0         0       
   0         0         0         0         0         0       
   0         0         0         0         0         0       
   0         0         0         0         0         0       
   0         0         0         0         0         0       
   0         0         0         0         0         0       
   0         0         0         0         0         0       
   0         0         0         0         0         0       
   0         0         0         0         0         0       
   0         0         0         0         0         0       
   0         0         0         0         0         0       
   0         0         0         0         0         0       

CFRC_INT
   0         0         0         0         0         0       
   0         0         0         0         0         0       
   0         0         0         0         0         0       
   0         0         0         0         0         0       
   0         0         0         0         0         0       
   0         0         0         0         0         0       
   0         0         0         0         0         0       
   0         0         0         0         0         0       
   0         0         0         0         0         0       
   0         0         0         0         0         0       
   0         0         0         0         0         0       
   0         0         0         0         0         0       
   0         0         0         0         0         0       
   0         0         0         0         0         0       
   0         0         0         0         0         0       

CFRC_EXT
   0         0         0         0         0         0       
   0         0         0         0         0         0       
   0         0         0         0         0         0       
   0         0         0         0         0         0       
   0         0         0         0         0         0       
   0         0         0         0         0         0       
   0         0         0         0         0         0       
   0         0         0         0         0         0       
   0         0         0         0         0         0       
   0         0         0         0         0         0       
   0         0         0         0         0         0       
   0         0         0         0         0         0       
   0         0         0         0         0         0       
   0         0         0         0         0         0       
   0         0         0         0         0         0       

